2129 
2081 
3871 
7423 
3767 
7073 
1820 
3894 
3113 
900 
7957 
2173 
7535 
3181 
3964 
5977 
4605 
4020 
1812 
3064 
3579 
1031 
7468 
580 
5968 
3814 
2423 
192 
1112 
4882 
4742 
1446 
1160 
4767 
221 
7362 
7577 
6479 
5043 
5305 
1118 
1484 
2944 
523 
3479 
7370 
2572 
5437 
4282 
6771 
6772 
3471 
6126 
4526 
250 
370 
2698 
3823 
5986 
7914 
606 
7376 
598 
22 
783 
3137 
1944 
7360 
3617 
3690 
6054 
7388 
7435 
7437 
3015 
1404 
6116 
7413 
7460 
282 
6536 
953 
7023 
135 
6881 
91 
4213 
218 
7436 
2196 
2574 
7433 
7419 
7857 
7664 
3083 
1184 
3246 
1515 
1618 
7625 
3689 
7463 
720 
7108 
495 
1760 
792 
8222 
2107 
2313 
6255 
7439 
6509 
4758 
8082 
1222 
5734 
1220 
4766 
7386 
8199 
1924 
3951 
5666 
5556 
53 
3770 
