9.041602 -1.004656 0.138227 0.091785 -3.560301 -0.628969 -0.885875 -1.441734 0.298332 -0.779687 -0.401574 0.127547 0.245816 0.136754 -0.020656 0.097648 -0.192551 -0.078797 0.063031 -0.111109 
8.137972 -0.304075 0.081525 1.230879 -2.518407 -1.391634 0.000318 -1.579383 -0.599310 0.274935 -2.434953 -0.646807 0.453093 0.406121 1.150303 0.416255 0.230050 0.111429 0.202319 -0.066558 
8.430770 -0.801441 0.243237 0.833727 -2.794948 -0.873350 -0.499696 -1.896148 -0.248133 -0.435296 0.794757 1.403452 -0.104453 0.451601 -0.567165 -0.513494 -0.299151 -0.301949 -0.347201 -0.084829 
9.173592 -0.626045 -0.906654 0.520538 -3.028000 -1.235420 1.284286 -0.953316 -0.599846 0.119980 -2.121513 0.109779 0.702179 0.731880 0.406784 0.123863 -0.402458 -0.074005 0.068626 -0.026245 
9.199286 -1.021490 -0.573767 -0.051575 -3.137994 -0.152222 0.036633 -1.355585 0.031036 -1.062506 -2.222705 0.386139 0.874182 0.590784 0.217212 -0.166797 -0.392810 0.053534 0.134900 0.035883 
7.870945 -0.733101 1.436219 0.356594 -2.353473 -0.648912 -2.913709 -0.747474 -1.164346 -0.631843 -1.933962 -0.315840 -0.460548 0.971503 0.745740 0.221503 0.864973 -0.030606 0.407906 0.024846 
7.463520 0.021382 0.368057 1.518782 -1.941363 -0.732071 -1.397020 -1.026834 -1.004754 -0.984251 -1.103995 0.323525 0.011162 0.573341 0.477445 -0.152177 -0.005697 0.040335 -0.129266 0.002334 
8.246187 -0.264916 -0.414690 1.054641 -1.792411 -1.465913 0.313035 -1.024833 -0.949184 -0.165818 0.296852 1.267055 -0.007464 0.473261 -0.094331 -0.348086 -0.497954 -0.018810 -0.369699 -0.206322 
8.344345 -0.803492 0.816474 0.174272 -3.042368 -0.407361 -2.285600 -0.914147 -0.297599 -0.878772 -2.642746 -0.035813 0.225103 0.974357 1.037581 -0.010069 0.319768 0.014632 0.014575 0.051522 
8.226033 -1.647648 1.206075 0.201452 -2.408806 -0.491720 -1.589563 -1.278975 -0.284221 -0.823512 1.669413 1.643908 -0.498961 0.529640 -1.564578 -0.262706 -0.476781 -0.526419 -0.067476 -0.332343 
9.172547 -0.217425 -2.167576 2.029195 -3.682953 -1.135907 2.065100 -2.490431 0.555651 -1.440994 -0.611087 -0.090915 0.572989 0.039405 -0.154956 0.187976 -0.160537 -0.104017 0.101233 0.087764 
6.918982 0.195796 0.423681 1.938986 -1.348040 -0.745884 -0.997328 -1.072770 -1.083948 -0.964256 -0.999449 -0.661968 0.102681 0.004274 0.483514 0.168898 0.361302 0.068013 0.217663 0.102907 
8.895508 -0.836907 0.084872 0.738629 -3.370480 -0.922422 -0.440437 -1.716146 -0.096265 -0.408728 0.234723 0.483887 -0.893821 0.198109 0.420255 -0.671794 0.606860 0.167702 -0.197288 0.199478 
8.904503 -0.558783 -0.271456 1.104710 -3.010399 -1.492914 0.182181 -1.444130 -0.787182 0.373136 -0.449534 0.170406 0.117502 0.140924 0.140960 -0.033877 -0.059603 -0.016432 -0.067661 0.032344 
8.782532 -0.714059 -0.445156 1.876631 -3.495728 -1.163382 0.383187 -2.328273 0.208121 -0.336295 1.387242 1.577436 -1.076189 0.740112 -0.749512 -1.077340 0.398368 -0.507106 0.006740 -0.078831 
8.937188 -1.167980 0.724956 -1.098786 -2.733495 -0.371446 -2.599138 0.115246 -0.890557 -0.905728 -1.120679 0.271746 0.486992 0.144764 0.471742 -0.132296 -0.383369 0.169400 -0.288495 0.109852 
8.813798 -0.746134 -0.055693 0.526040 -3.249207 -0.770427 -0.448087 -1.650942 -0.012052 -0.568583 -1.425718 0.401195 -0.006698 0.832876 0.497909 -0.186495 0.147478 -0.043233 -0.125936 0.051855 
7.656609 0.931720 -0.561553 0.220135 -0.844218 -1.038953 -1.358139 -1.110401 -0.693479 -0.875149 0.266871 0.605469 -0.219836 -0.753916 0.320352 -0.135692 -0.095125 -0.048958 0.039162 0.024872 
7.470822 0.052187 -0.225282 2.103236 -1.313161 -1.189882 -0.780541 -0.825910 -0.941353 -1.173310 -1.561047 0.004269 0.802145 0.605129 0.134885 0.264910 -0.448034 -0.078202 0.029898 -0.067627 
8.268301 1.441436 -0.985947 -2.212959 -0.935449 -0.623838 -1.155410 -0.991768 -0.365693 -0.311270 1.564180 1.127910 -0.291055 -1.593076 -0.091543 -0.136709 -0.410957 -0.193027 0.007451 0.071143 
8.926416 0.299668 -2.284707 2.023867 -2.900947 -1.649111 1.464844 -1.942178 0.053555 -1.435938 1.776172 0.608262 -0.653691 -0.079805 -1.022588 -0.139482 0.192881 -0.430879 0.080635 -0.311797 
7.773500 -0.161796 -0.084066 1.484807 -2.231101 -0.936336 -0.050168 -1.341102 -0.769225 -0.527907 -2.368702 0.391476 0.683669 0.835743 0.739546 -0.056371 -0.401292 0.145727 -0.140650 -0.119629 
9.799037 -1.623239 -1.887966 0.485840 -2.044146 0.295968 0.258684 -1.905518 -0.806763 -0.698347 0.243905 0.030239 -0.430106 0.414176 0.272635 -0.276542 0.208182 -0.136065 -0.120998 0.183899 
8.910116 -0.069397 -1.278239 2.624878 -3.771189 -1.936025 1.733236 -2.975688 0.450348 -0.282013 0.342458 -0.622070 0.982869 -0.530802 -0.930908 0.992798 -0.563375 -0.206624 0.251851 -0.192373 
8.389195 0.013835 -1.143752 2.432617 -2.971337 -1.640660 1.374471 -2.241054 0.001808 -0.168143 -2.169352 -0.737270 1.026507 -0.189564 0.760475 0.809233 -0.378755 0.293643 -0.052531 0.044608 
9.199020 -0.716284 -0.998072 1.459837 -4.303595 -0.600586 0.522800 -2.311192 1.021501 -1.263697 0.147999 0.465713 -0.747087 0.792563 -0.268968 -0.468982 0.666686 -0.410818 0.201759 -0.020781 
8.566305 -0.576835 -0.860904 0.833846 -2.589134 -0.256928 0.780679 -1.433004 -0.172584 -0.499364 -3.425910 -0.573196 0.974222 0.426113 0.955751 0.023290 0.114479 0.299694 0.367519 0.198758 
6.737362 -2.841787 0.168112 0.869916 -0.891161 -0.546358 1.567852 -0.376111 0.627872 0.200109 -0.322754 1.157160 -0.449018 0.562682 -0.321394 -0.117379 -0.246467 0.090303 -0.158921 -0.072888 
9.052045 -1.072649 0.035587 -0.091289 -3.727147 -0.123277 -1.653675 -0.624780 0.125814 -1.312433 0.882851 0.352012 -1.003437 0.799297 -0.919826 0.094506 0.585890 -0.511843 0.386202 -0.289991 
9.537141 -1.007628 -1.413502 -0.009325 -2.810139 -0.449155 1.349729 -1.215060 -0.809258 -0.457840 1.871422 0.351859 -1.104052 -0.113874 0.062140 -0.152392 0.327004 -0.110952 -0.505947 -0.050109 
6.549507 -0.399096 0.219323 2.086426 -1.019319 -0.700153 -0.489895 -0.772631 -0.483887 -0.963506 1.232910 0.986519 -0.033861 0.354620 -0.342094 -0.304921 -0.476711 -0.261252 -0.321034 -0.236816 
8.918791 -1.075195 0.468222 -0.986616 -2.904370 -0.435774 -2.010461 -0.143086 -0.578908 -0.862639 1.497251 0.135481 -0.023685 -0.780809 -0.668424 0.059122 -0.386103 0.132184 -0.163139 -0.130010 
6.039087 -2.389519 -0.312590 1.087213 -0.932976 -0.233015 1.432956 0.152767 1.030861 0.343715 -0.251395 -0.024250 -0.079401 -0.003712 -0.021370 0.014638 -0.011310 0.053865 0.042685 0.031823 
9.568466 -1.015803 -1.170069 0.157227 -3.084076 -0.486959 1.651220 -0.850296 -0.469401 -0.403020 -0.032893 0.159643 -0.181758 0.109350 0.156128 -0.100057 0.101990 0.021133 -0.132965 -0.004847 
5.976382 -1.676053 -0.435384 1.550866 -1.102352 -0.218075 1.592912 -0.076473 0.647883 0.097343 -1.715422 -0.836173 0.220299 -0.105119 0.504690 0.166305 0.089952 0.326353 0.242802 0.161458 
7.499332 0.169842 0.230895 2.096136 -1.625148 -1.039903 -1.259407 -1.068557 -1.029235 -1.216822 1.744536 -0.269210 -0.511910 -0.932154 -0.227490 0.023339 0.329936 -0.018703 0.059533 0.092285 
6.294166 -2.120613 -0.242818 1.028470 -0.938138 -0.311177 1.178963 0.252835 0.843915 0.205078 3.287779 0.478295 -0.047450 -0.544497 -1.137577 -0.325148 -0.392176 -0.343592 -0.267381 -0.070683 
8.570306 -1.094992 1.315653 0.519385 -3.017920 -0.330497 -2.709494 -1.686328 -0.266539 -1.440639 0.330908 0.200412 -0.530615 0.415039 -0.427902 -0.217766 0.382359 -0.205071 0.193199 0.148891 
8.819268 -1.321587 -0.528266 0.164483 -1.673313 0.410875 -0.759291 -1.254055 -0.702393 -1.175374 1.756646 0.527384 -0.637939 -0.128893 -0.760674 -0.293593 -0.083455 -0.396783 -0.293579 -0.248020 
5.721635 -2.129672 -0.490986 1.133361 -0.900308 -0.312260 1.279041 0.383624 0.965835 0.212973 1.396665 0.422514 -0.185622 -0.344343 -0.197040 -0.081513 -0.273505 -0.063574 -0.178748 -0.105882 
6.858632 -2.889486 -0.039657 0.435172 -0.912916 -0.389854 0.895649 0.240029 0.600444 0.223852 1.519920 -0.973364 0.053909 -0.732705 -0.046465 0.130399 0.072443 0.060865 0.096538 0.145062 
9.207816 -0.360561 -1.677865 0.231419 -1.740121 -1.911708 1.462681 -0.333688 -1.672250 -0.285060 -0.495265 0.691171 -0.281346 -0.612592 1.275739 -0.702349 -0.297573 0.522130 -0.093209 -0.179984 
8.657847 -0.935210 0.576304 1.136257 -3.464065 -0.548102 -1.366660 -2.207071 0.203462 -1.033296 0.067515 -0.357844 0.994002 -0.881071 -0.112595 0.637682 -0.880114 0.133644 0.017631 -0.274091 
9.358684 -0.743212 -1.468810 1.455150 -4.047113 -0.575088 1.250500 -2.304723 0.666683 -1.354242 0.201946 -0.708115 0.846787 -1.010706 -0.087581 0.996022 -0.674769 0.255109 -0.067299 -0.052127 
6.624160 -2.741580 0.023591 1.028530 -0.870458 -0.313795 1.358762 -0.122882 0.739394 0.037087 -0.879247 -1.638343 0.015398 -0.483149 0.561915 0.206401 0.416793 0.360198 0.324037 0.222753 
8.048952 -1.035884 1.602504 -0.200595 -1.891912 -0.822852 -2.709206 -0.896822 -1.387518 -0.836852 1.504004 0.906916 0.503853 -0.489773 -0.760609 -0.294806 -1.016344 -0.140376 -0.534606 -0.220384 
7.062195 -1.052231 1.063431 1.612160 -1.738510 -0.329910 -0.947403 -1.378197 -0.124413 -1.001236 -2.003815 -0.909523 -0.659149 0.313637 1.049690 0.062027 1.040710 0.288559 0.385727 0.261276 
7.699294 -0.308256 -0.701835 1.523713 -1.439566 -1.339381 0.132650 -0.747371 -0.646772 -0.571489 2.213842 0.964055 -0.887457 -0.180551 -0.621469 -0.829377 0.062099 -0.210712 -0.101825 -0.062763 
7.425316 -2.060090 -0.799293 1.154808 -1.225570 -0.161598 1.520175 -0.273538 0.360654 0.319096 2.161055 0.333101 -0.590696 -0.111103 0.040713 -0.072731 0.064042 -0.165613 -0.354368 -0.065034 
8.633873 0.749916 -2.080718 1.905711 -1.594070 -2.539854 0.956863 -1.119595 -0.108988 -0.235419 2.025913 1.147360 -0.891703 0.192063 -0.656789 -1.126111 0.382324 -0.304755 -0.057853 0.062045 
8.399414 -0.049857 -1.007303 2.192819 -2.589657 -1.885856 0.346264 -1.640126 -0.584223 -0.420888 1.436669 0.828603 0.181921 -0.078998 -1.000249 -0.341870 -0.371821 -0.538314 -0.073440 -0.157434 
9.094210 -0.887781 0.127441 0.389857 -3.520996 -0.842479 -0.600737 -1.538617 0.239811 -0.182581 2.049719 0.436983 -0.037296 -0.394323 -1.196282 -0.151367 -0.310777 -0.202371 0.062715 -0.098109 
9.311664 -0.003516 -2.292849 -0.470443 -0.306641 -2.078179 1.233214 -0.284473 -1.637229 -0.952930 1.880035 -0.705154 -0.776812 -0.121940 -0.143142 0.179677 0.635905 -0.199566 -0.318229 0.135916 
7.488265 -0.748801 0.549736 1.333263 -1.736010 -0.713336 -0.594175 -1.162316 -0.494459 -0.703024 0.379819 -0.167337 0.037428 -0.321984 -0.162497 0.069745 -0.043059 0.039073 0.088161 0.019383 
7.537327 -2.085484 -1.190334 2.194981 -1.613412 -0.794041 1.824986 -0.314488 0.124180 0.243661 1.980992 1.075370 -0.285113 0.193255 -0.780448 -0.470930 -0.210440 -0.560608 -0.228481 -0.267875 
8.337665 -0.399890 -0.147724 1.737017 -2.533078 -1.457582 -0.073205 -1.644118 -0.846730 -0.238494 0.591459 -0.396960 0.823405 -0.334610 -0.845741 0.516702 -0.417756 -0.257800 0.118990 -0.074669 
9.654987 -1.230701 -1.840991 0.288861 -2.366791 -0.197931 1.164581 -1.645215 -1.061041 -0.616541 -1.418164 0.422449 0.425153 0.359863 0.074481 -0.335315 0.044757 0.105780 0.097028 0.064178 
8.607355 -0.656411 -0.343997 1.357502 -3.847656 -0.549296 -0.583416 -2.077276 0.636926 -1.222563 -1.640304 -0.310721 1.004863 -0.468683 1.070112 0.170397 -0.394538 0.402578 -0.209192 0.199781 
9.339012 -1.400162 -0.224922 -0.612358 -3.043785 0.196693 -1.229073 -0.547775 -0.200417 -1.477127 -0.672058 -0.009460 0.920174 -0.792641 0.252159 0.173645 -0.811287 0.544647 -0.214348 0.026421 
8.329567 -1.166188 1.821094 0.263800 -2.360945 -0.140287 -2.968712 -1.472686 -0.597153 -1.737680 -0.121492 -0.023813 0.283601 -0.288003 0.093788 0.155311 -0.289551 0.126067 -0.058338 -0.108526 
6.758138 -3.360120 -0.034745 0.572360 -0.710813 -0.416264 1.634247 -0.257478 1.090975 0.108673 -0.184892 -0.121484 -0.020975 -0.131395 0.021215 -0.020259 0.025836 0.074403 0.011419 0.047616 
9.716990 -1.124889 -2.153505 0.419765 -1.714254 -0.664403 1.818774 -1.117777 -1.759176 -0.253971 0.363244 0.183520 -0.645112 -0.229925 1.023677 -0.522922 0.125129 0.270941 -0.449071 -0.005804 
6.898330 -0.863375 -0.156130 1.962723 -1.498087 -0.725700 1.048206 -0.999037 0.019404 -0.220402 -2.613261 -1.391260 0.781411 -0.320520 0.973773 0.673273 -0.046949 0.522334 0.256401 0.129374 
7.626321 0.182043 -0.843018 1.839327 -1.002398 -1.517176 -0.599609 -1.108398 -0.442096 -0.991153 0.523854 -0.019818 -0.218520 0.431109 -0.495347 -0.399644 0.372788 -0.138184 0.017463 0.116599 
8.536672 -0.624212 -0.257393 0.987245 -2.453348 -1.290467 0.366845 -1.079393 -0.691483 -0.046053 1.741442 -0.225140 -0.276658 -0.709113 -0.806289 -0.095009 0.355923 -0.100697 0.123929 0.259474 
8.683515 1.275311 -2.358016 1.686827 -1.536898 -2.649177 0.409140 -1.329841 0.216810 -0.427932 1.128339 -0.261270 -0.215688 -0.096231 -0.689981 -0.017512 0.318188 0.099689 0.069877 -0.108003 
8.534759 0.771314 -1.074503 -0.296035 -0.459450 -2.114167 -1.778593 -0.134266 -0.294593 -1.008335 1.338197 -0.541322 -0.015352 0.629247 -0.972475 -0.566020 0.491699 0.140546 -0.228175 0.141238 
5.604370 -1.941563 -0.357654 1.351859 -0.953503 -0.342035 1.253488 0.387562 0.928862 0.185076 0.483753 -0.858910 -0.220035 -0.463501 0.090547 0.231306 0.176758 0.210490 0.165870 0.199405 
8.568075 0.149840 -1.118173 0.457005 -1.170614 -2.030202 -0.784712 -0.023464 -0.742960 -0.743004 1.233851 1.578968 -0.647638 -1.190110 0.496218 -0.538565 -0.769380 0.143830 0.064142 -0.259322 
6.706762 -0.631936 0.537835 1.876556 -1.497718 -0.652841 0.147183 -1.079138 -0.158016 -0.666203 -2.495021 -0.833984 0.093202 0.218107 1.195942 0.333583 0.350586 0.380955 0.196878 0.055869 
9.028065 0.658378 -1.500593 -1.305036 -0.624616 -1.448010 -2.291423 0.470889 0.369966 -0.814151 -0.098761 0.577811 0.127953 -1.487607 0.607992 0.307571 -0.484852 -0.140148 0.105329 0.178525 
8.203312 -0.809552 1.575768 -1.082327 -1.739493 -1.196548 -2.936059 0.059359 -1.939357 -0.201702 0.060643 0.003370 0.283993 -0.539075 0.258548 -0.099525 -0.205747 0.206260 -0.228582 0.142560 
7.097386 -4.360229 0.957938 -0.644453 -0.113403 -0.706290 1.680045 -0.465576 0.854143 0.090733 -0.215690 0.123500 -0.139247 0.038583 -0.189793 0.043274 -0.086033 0.109462 -0.036970 0.054400 
8.711500 -0.027277 -0.751228 0.635683 -1.811265 -2.188336 0.098182 -0.295107 -1.376968 0.081942 -1.787901 -0.781176 0.862934 1.015721 -0.240656 0.642068 0.249179 -0.404260 0.155088 0.172334 
7.046207 -2.499782 -1.135614 1.748484 -1.584730 -0.649234 1.616224 -0.201622 0.583792 0.219431 1.209640 -0.941997 -0.552349 -0.008661 -0.158550 -0.152202 0.571739 0.047633 0.181962 0.247841 
9.055504 0.504036 -2.277496 2.196465 -2.553543 -2.839775 2.420998 -1.499763 -0.174484 -0.088631 -0.606621 -0.477867 0.669708 0.558136 -0.586266 0.305550 0.182297 -0.302757 -0.165848 0.255135 
5.848464 -1.625338 0.161377 1.548334 -1.065630 -0.253161 0.403220 0.039225 0.372170 -0.175212 -0.837828 -0.784004 -0.903333 0.112805 0.554243 -0.034136 0.806803 0.230412 0.368734 0.225480 
7.025318 -3.402863 0.461904 -0.037556 -0.239933 -0.768201 1.935048 -0.930778 0.859894 -0.045348 -0.897066 -1.305726 -0.078883 -0.544797 0.530481 0.075850 0.394552 0.135545 0.342857 0.010036 
9.202542 -0.384455 -2.005764 0.337307 -0.973994 -1.523444 1.452478 -0.526018 -1.674614 -0.769157 -1.824682 0.221946 1.027718 0.742631 -0.655597 0.171799 -0.251256 -0.089267 0.131430 0.132229 
6.631707 -1.105763 -0.293285 1.101038 -0.486615 -0.744966 0.750840 -0.135685 0.100751 -0.367654 -1.902990 -1.747817 0.600500 0.902473 -0.292035 0.611716 0.601067 -0.036456 0.330516 0.232623 
9.509321 -1.236401 -1.247311 0.259693 -2.673216 -0.307158 1.228479 -1.829896 -0.408028 -0.688994 -0.653022 -0.077717 1.027592 -0.244818 -0.866160 0.611073 -0.629212 0.019662 0.403896 -0.197768 
8.524868 0.011684 -1.571298 0.482002 -1.221089 -1.241408 0.821306 -0.344315 -1.147744 -0.412264 -3.387901 -0.538471 1.184476 0.778166 0.150314 0.418645 0.091677 0.029451 0.502287 0.151607 
8.225739 -0.993666 0.741183 0.992013 -2.392397 -0.977400 -0.456515 -1.866030 -0.337444 -0.018924 -1.801388 -1.573500 0.763958 -0.573019 1.514418 0.496826 0.335861 0.274951 0.205008 0.066469 
7.168572 -2.335804 -0.544256 1.230433 -1.009908 -0.633567 1.229537 -0.036186 0.098908 0.087260 1.427619 2.176074 -0.633620 -0.550577 0.028285 -0.675151 -0.566424 -0.179581 -0.283780 -0.319549 
9.600456 -0.045380 -2.588927 0.711386 -2.295510 -1.349968 1.078215 -0.293955 -0.029536 -1.759726 0.715980 -0.409538 0.104323 -0.996303 0.343132 0.446439 -0.272561 0.404317 -0.352898 -0.098543 
6.336625 -0.765548 0.426237 2.168913 -0.703710 -0.514963 0.203466 -0.736906 -0.446013 -0.989271 1.511886 -0.417827 -0.350162 -0.727976 -0.392321 -0.086387 0.122276 0.100881 0.138363 0.166787 
6.526425 -0.881195 0.494622 1.761267 -0.786934 -0.668603 0.303201 -1.029618 -0.435044 -0.665600 -0.682173 -1.552647 -0.134365 -0.514692 0.572411 0.270544 0.648984 0.255087 0.468779 0.205778 
7.719967 -1.729032 -1.635042 1.116395 -0.274549 -0.769956 1.385735 0.185059 -0.197683 -0.113274 1.884532 0.883053 -0.448773 -0.569032 0.156264 -0.295325 -0.355207 -0.066491 -0.351739 -0.293096 
7.236498 -2.907710 0.056177 0.416539 -1.064647 -0.450081 1.202024 -0.466553 0.662493 0.149748 2.197146 1.379943 -0.220070 0.137800 -1.106216 -0.397640 -0.378144 -0.269357 -0.359275 -0.064946 
9.455241 -0.301193 -1.689999 -0.333850 -1.647566 -1.959358 1.123688 0.748392 -1.722982 -0.445044 -0.678586 0.213082 0.295946 0.265749 0.109758 -0.172153 -0.231321 -0.051298 0.061935 0.043649 
8.508042 0.699019 -0.985023 -0.111398 -0.870526 -2.130232 -1.400470 -0.308594 -0.639379 -0.857252 -0.188785 0.031848 -0.002491 -0.040657 0.125608 0.039640 0.034937 -0.004684 0.044972 -0.005750 
9.384797 -0.049063 -2.181220 -0.843398 -0.477032 -1.703490 0.290064 1.228930 -1.247237 -1.444917 -0.476946 0.671010 -0.083311 -0.874153 0.800089 -0.100728 -0.573248 0.138480 0.370989 -0.215697 
9.177393 -0.386370 -1.200711 0.335944 -2.238100 -1.868073 0.991992 -0.150607 -1.192655 -0.066155 1.690151 0.949665 -0.963874 -0.762451 0.273005 -0.640946 -0.072008 0.491915 -0.297370 -0.273235 
7.338165 -4.454865 0.810684 -0.016403 -0.894424 -0.141907 0.872192 0.127045 0.496704 0.275131 0.796753 -1.654114 0.455399 -0.754242 0.075470 0.242020 -0.007172 0.135864 0.131058 0.117874 
8.046204 -1.749329 -0.944397 1.440277 -0.230194 0.176910 1.373138 -0.616608 -0.122101 -0.158539 -0.085510 -0.739594 -0.349976 0.383240 0.640869 0.171967 0.347351 0.024689 0.022827 0.064941 
9.440649 -0.001981 -2.180169 -0.681258 -0.640342 -1.698971 0.111951 1.343056 -0.990390 -1.594076 0.351952 -0.653313 0.142769 1.247537 -1.016460 -0.162216 0.694725 -0.103190 -0.382728 0.142132 
7.483408 -4.239949 1.068590 -0.367777 -0.892983 -0.023788 0.376382 0.189140 0.440494 0.187740 1.361586 1.448519 -0.148760 0.507573 -1.193276 -0.059423 -0.526017 -0.443138 -0.210818 -0.248508 
9.636156 -0.958132 -2.664660 0.508635 -0.261714 -1.503154 1.276332 -0.870122 -2.113082 -0.380336 -0.144197 0.150047 -0.020916 -0.080173 0.186658 -0.188372 0.037015 0.070975 -0.007942 -0.038729 
8.544815 -0.973014 -0.146592 0.632908 -2.507812 -1.052127 0.323552 -0.845000 -0.014089 0.052937 3.811547 -0.077649 -0.704983 -1.334318 -1.323540 -0.241056 0.157965 0.088498 -0.012969 0.178318 
7.540099 -3.018400 1.267492 0.465264 -0.881005 -0.322120 0.427169 -0.853344 0.138244 -0.101708 -1.138218 -2.170984 0.482233 -0.729364 1.056623 0.322531 0.495845 0.420453 0.319464 0.183294 
9.097323 0.000940 -1.749623 2.258404 -3.571430 -1.989724 2.547422 -2.551617 0.534712 -0.206151 -0.296268 0.387496 -0.368726 0.259751 0.364850 -0.434141 0.228730 0.026966 -0.106305 0.071740 
8.599542 0.197266 -1.490352 1.157740 -1.730679 -1.743097 0.335348 -0.391408 -0.531553 -0.959085 -1.876347 0.302010 0.636896 0.372028 0.729509 0.063291 -0.565590 -0.002795 0.081577 -0.146585 
9.255994 0.592150 -2.864460 0.905997 -1.852446 -1.853373 0.980368 -0.579152 0.780501 -1.971781 0.025593 -0.217487 -0.077712 1.295528 -0.758469 -0.629285 0.859510 -0.309840 -0.152066 0.194075 
7.087830 -2.790833 0.626175 0.192970 -0.872490 -0.269196 0.330833 0.045151 0.295654 0.003563 1.783806 0.878151 0.764969 -0.328674 -0.677979 -0.213730 -0.978874 -0.340294 -0.530273 -0.290794 
8.912418 0.676205 -2.006053 -1.269395 -0.138672 -1.972628 -0.425745 0.513650 -0.282205 -1.322460 -1.437026 0.335780 0.582189 0.348080 0.021484 0.130852 -0.376781 -0.266458 0.262968 0.052691 
7.420387 -0.464204 -1.313477 -0.288202 -0.249082 -0.628650 0.139555 -0.014788 0.210531 -0.472377 1.507382 1.358445 -0.119722 -1.396543 -0.024728 -0.085589 -0.579660 -0.200091 -0.092355 -0.125058 
8.470783 1.071928 -1.221129 -1.785920 -0.182369 -1.383975 -1.175684 -0.710574 -0.050897 -0.556578 -1.893342 -0.659952 0.695384 1.624219 -0.139409 0.289498 0.155007 -0.156783 -0.038042 -0.012491 
8.387100 1.315066 -1.109384 -1.764640 -0.519442 -1.014640 -1.252024 -1.114595 -0.220259 -0.543235 1.946431 -0.000994 -0.917099 -0.944957 0.296529 -0.306490 0.128498 0.341726 0.130265 -0.052894 
8.860856 -0.992808 -0.550434 0.093493 -2.763722 -0.706485 0.466093 -0.999230 -0.180358 -0.360161 3.620912 0.865814 -0.782309 -0.533940 -1.260494 -0.063667 -0.089322 -0.341689 -0.456096 -0.235525 
9.475213 -1.432179 -0.771362 -0.664141 -2.642837 0.333482 -0.506664 -0.921157 -0.575597 -1.406839 0.470911 -0.027739 -0.422952 0.310245 -0.000603 0.099258 0.193891 -0.291231 -0.001817 -0.049115 
9.536772 -0.151729 -2.581941 -1.123487 0.143965 -1.235629 0.309076 0.779164 -1.163381 -1.775252 -0.063115 -0.041594 0.078613 0.264263 -0.180839 -0.070300 0.140348 -0.081428 -0.069342 0.040992 
9.175879 -1.052354 -0.502959 -0.073018 -3.039521 -0.260723 0.058271 -1.180771 -0.084541 -1.050361 1.839307 -0.444277 -0.377744 -0.998545 -0.290020 0.477246 0.019482 -0.000752 0.069736 -0.142930 
7.680298 -4.782837 0.952759 0.243982 -1.594873 0.283447 0.303894 -0.075708 0.339795 0.288696 0.568030 0.461487 -0.236536 0.285168 -0.472449 -0.126001 0.092957 -0.180908 -0.016113 0.020239 
9.291138 -0.815290 -1.026420 0.342006 -2.493495 -0.776315 1.349487 -1.262277 -0.684797 -0.487043 2.644601 -0.609602 -1.146083 -1.004865 -0.101859 0.139212 0.665057 -0.128802 -0.050764 0.137364 
8.843697 0.508499 -1.744980 -1.120018 -0.379921 -1.419113 -0.823921 0.490555 -0.390602 -1.095711 2.584496 0.938034 -0.847282 -1.324661 0.149078 -0.563728 -0.340912 0.204445 -0.223511 -0.307976 
9.243838 0.595339 -2.133766 -2.034304 0.090580 -1.259084 -0.840890 0.604794 0.020678 -1.312190 1.502031 -0.588511 -0.698994 0.314438 0.139245 -0.310958 0.376930 0.445297 -0.282893 -0.282374 
9.097206 -0.024513 -1.463562 0.096054 -1.469261 -2.508133 0.884094 0.142586 -1.662071 -0.312538 0.732735 -0.688286 0.392929 0.574898 -1.446548 0.340408 0.466782 -0.377251 -0.051361 0.250473 
7.989014 -1.202504 0.497026 0.559674 -2.366862 -0.658854 -0.831417 -1.251139 -0.055583 -0.642978 2.636186 0.694262 0.314142 -0.567975 -1.285608 -0.294922 -0.737393 -0.361964 -0.265470 -0.169907 
8.950869 1.056424 -1.465097 -2.985679 -0.067840 -1.123399 -1.643147 -0.122454 0.222162 -0.219139 -0.413574 0.111130 0.174094 0.090079 -0.012009 -0.020329 -0.001564 -0.179601 0.014327 0.052994 
9.213017 -0.588194 -1.050697 0.705322 -2.833547 -1.561372 1.266627 -0.853743 -0.997070 0.097909 -0.288945 -0.550200 0.793297 0.570136 -1.198217 0.715930 0.048929 -0.605351 0.334591 0.051615 
7.487893 -2.428661 -0.046351 0.443137 -1.388155 0.105907 0.364071 0.160207 0.576933 0.084595 2.479492 0.455114 0.143267 -0.443912 -0.605627 0.183558 -0.469260 -0.295367 -0.246704 -0.214140 
8.332804 -0.816457 1.319095 -0.992734 -2.080814 -0.865533 -3.141733 0.251691 -1.742260 -0.451267 -0.109295 0.274953 -0.468422 0.770537 -0.425825 0.217518 0.166395 -0.139014 0.224777 -0.147752 
6.992822 -1.617148 -0.327373 1.003086 -0.992432 -0.602920 0.956123 0.034434 0.305830 -0.015029 3.750430 1.028711 -1.004766 -1.105605 -0.418477 -0.582705 -0.269561 0.057236 -0.419307 -0.078076 
7.595914 0.517123 -0.779796 0.331254 -0.264160 -1.202337 -1.242687 -0.293945 -0.154108 -0.880948 -2.229226 -1.021717 0.626620 1.388172 -0.074430 0.526523 0.515669 -0.166382 0.041193 0.088046 
8.967452 1.320546 -2.103394 -1.388960 -1.134233 -0.839466 -1.695312 -0.942483 1.151922 -0.757946 0.818337 -0.194347 -0.636020 1.198142 -0.219682 -0.749123 0.244929 0.161776 0.256337 -0.253207 
9.266713 -0.493869 -2.267125 0.174595 -0.843373 -1.159270 0.839063 -0.312249 -1.667404 -0.863630 2.228411 0.599763 -0.944999 -0.478488 0.029841 -0.363546 -0.071477 -0.036433 -0.447461 -0.244496 
7.825414 -2.972605 0.392571 1.099835 -2.210223 -0.021630 0.534019 -0.850622 0.216243 0.089938 1.453460 2.175716 -0.883920 0.829378 -0.941129 -0.804440 0.044302 -0.588896 -0.192397 -0.212949 
9.732635 -1.207135 -2.369291 0.709706 -1.298636 -0.917501 1.670800 -1.496582 -1.694601 -0.272253 0.192627 -0.286237 0.397866 0.106025 -0.971674 0.585023 0.021962 -0.367234 0.268404 0.012955 
